32
80
11
82
41
87
65
62
38
20
10
43
71
71
33
60
83
43
99
68
58
13
10
61
97
5
42
27
85
50
83
38
91
6
3
24
64
17
58
52
98
72
82
70
44
60
24
51
72
54
34
5
13
67
28
20
71
49
84
36
45
39
76
88
37
71
51
66
69
10
95
67
84
47
69
85
30
40
18
38
81
91
55
32
16
78
26
25
77
82
53
15
32
23
8
60
96
93
33
72
9
57
82
62
58
67
21
65
97
43
90
31
32
47
55
54
83
45
73
59
46
27
89
86
57
80
35
62
40
10
89
37
8
45
29
24
10
92
74
48
57
60
28
35
92
22
83
84
67
53
76
51
20
73
27
81
68
95
6
77
33
59
25
87
53
53
24
87
18
32
45
91
70
26
2
86
99
55
94
35
97
50
94
87
33
38
18
34
19
47
55
15
86
96
16
98
35
40
81
39
97
96
67
36
8
85
81
94
72
41
82
14
1
71
79
82
65
38
55
15
36
90
68
70
76
31
5
74
11
4
51
59
73
56
38
2
83
58
79
47
57
23
62
78
65
42
14
16
17
33
34
96
85
66
4
7
28
96
60
77
81
7
83
68
89
23
41
45
33
78
98
7
59
8
58
13
29
90
6
35
17
88
57
77
70
54
74
7
52
31
74
86
98
2
66
50
40
93
88
42
2
69
82
39
34
27
38
77
9
91
78
37
91
26
60
92
50
7
98
36
49
34
92
3
5
13
9
58
42
8
73
35
3
63
34
47
6
19
43
43
17
96
98
61
52
37
95
72
41
73
1
33
95
53
93
67
77
80
34
22
19
80
36
1
18
43
35
28
92
13
86
32
63
55
20
52
35
31
50
68
17
36
17
68
8
40
40
49
70
66
70
26
84
21
24
36
61
97
43
10
3
68
80
28
86
69
69
40
34
42
32
46
30
66
6
83
63
67
93
78
3
85
58
26
43
61
47
42
32
83
90
38
88
41
65
49
55
88
82
38
70
1
16
28
34
25
95
19
16
41
72
93
4
65
7
17
10
55
85
26
23
27
9
51
51
94
58
89
1
56
28
75
85
56
8
3
69
30
92
18
65
28
27
90
11
96
34
23
34
48
39
1
3
57
16
43
92
65
76
40
67
6
18
59
13
97
9
48
57
5
48
79
63
68
60
94
1
18
40
55
60
35
56
52
17
28
72
29
40
65
11
4
54
52
50
59
11
67
77
13
87
86
66
30
1
60
38
35
96
22
43
74
25
22
79
33
50
66
43
85
25
80
8
92
94
44
26
11
18
2
84
34
40
28
67
74
68
27
52
57
90
38
32
19
23
36
79
33
73
18
10
44
25
92
87
7
78
74
36
56
34
28
17
95
37
9
34
97
54
6
64
24
14
85
94
87
49
89
69
58
65
92
37
1
91
40
9
47
40
60
95
94
90
95
23
63
21
37
81
14
2
81
78
67
53
85
30
39
98
99
58
89
5
77
91
41
90
17
4
97
99
87
58
94
11
70
33
19
62
32
67
12
8
56
57
84
15
69
47
6
10
70
49
40
2
6
89
14
5
81
72
4
33
83
14
15
24
84
57
83
53
12
77
66
33
47
82
49
20
8
27
21
70
97
87
30
38
18
92
5
80
20
14
80
60
64
79
24
42
43
60
30
13
63
53
98
92
83
8
55
24
41
93
97
55
51
34
35
96
83
76
6
91
52
4
34
97
96
7
69
68
58
7
77
47
96
9
7
45
89
38
55
11
37
81
39
26
17
26
9
31
44
28
58
66
55
38
60
60
19
1
95
76
39
87
66
35
17
51
58
42
27
90
7
46
22
95
55
71
64
9
80
71
98
38
24
30
48
11
92
59
49
46
26
89
42
78
72
50
16
5
9
66
68
66
4
54
22
13
45
59
83
88
96
11
20
25
78
1
63
36
86
6
59
99
93
81
64
17
4
43
23
5
56
60
99
15
4
32
35
70
9
36
66
33
75
60
49
15
69
18
1
72
86
80
18
3
8
68
73
23
89
6
9
2
37
79
33
37
12
5
21
46
65
93
28
50
40
27
25
33
32
49
47
86
43
51
19
76
42
96
8
35
59
12
81
3
28
64
95
96
28
13
4
65
97
54
7
93
52
68
63
81
44
40
91
40
58
22
59
85
61
57
95
15
97
85
86
53
12
25
23
75
31
28
6
19
46
82
89
88
45
25
24
74
34
27
90
20
21
41
45
6
6
11
36
70
18
88
67
12
68
53
81
28
45
87
50
16
35
